135
222
330
-234
666
-751
268
-478
-668
991
-29
185
965
518
881
957
-923
-92
-50
551
-998
120
-189
-358
-554
634
-823
-649
-336
690
-36
-313
395
791
110
-934
347
787
878
-881
836
-155
218
-141
126
-361
793
874
904
-970
-512
-104
422
658
-699
768
-956
513
235
-366
124
213
-585
-402
-657
983
-51
751
541
-18
-347
-201
233
772
-754
-892
984
606
-980
-954
837
-123
28
121
-19
-803
281
-342
236
-763
-254
680
40
757
857
-13
388
784
425
371
-269
355
-464
423
223
-172
945
220
-193
859
-3
-984
254
-940
937
183
264
4
-368
-346
-97
691
436
764
-288
-727
-983
-305
-719
500
-71
-171
-818
756
-808
-575
995
489
-667
978
-145
375
-489
-916
-484
-532
237
105
-440
687
-874
-182
-819
-265
-826
813
92
-295
-531
-571
-594
-66
197
649
186
-188
-375
-41
-474
900
-785
507
-929
-587
438
663
-441
277
-248
964
714
549
-256
678
-682
9
82
-232
90
850
671
455
-17
-506
-522
179
919
417
-442
130
530
494
-576
402
132
915
839
728
-809
216
-671
-664
-42
-344
-537
-53
625
298
-856
502
545
366
456
898
-437
156
-206
295
-121
627
928
683
706
348
194
-355
-185
80
67
-625
-390
-578
-766
-272
-772
184
-796
221
-319
587
-109
660
-628
-850
-241
-252
773
642
99
340
-596
437
-56
-832
-372
15
-460
-800
-709
-243
-435
-645
-755
956
-176
-40
-760
-335
459
497
94
416
749
-988
-704
-887
854
-828
732
-638
-827
250
781
-688
418
723
980
134
256
-431
-689
79
951
435
823
-161
-9
-839
985
-211
977
-697
387
-329
539
-22
63
-683
632
-490
-119
-77
-378
892
58
-905
-946
-685
950
-239
914
-245
232
252
-735
-643
74
434
-1
994
472
605
-420
-215
932
-878
66
-955
339
-199
-756
-549
966
528
960
-779
-950
-94
-397
-979
258
659
-911
-736
849
166
759
241
426
646
-23
-312
-527
935
-84
-293
-927
-79
583
1000
-579
716
725
202
-806
831
-102
902
-433
623
-430
-519
227
27
-640
-872
-116
921
949
694
341
420
448
-469
294
-678
485
-972
444
514
-962
-458
913
540
-710
-323
440
-694
109
49
403
-43
-246
750
988
-15
-118
-348
304
963
-820
906
907
-572
-186
-330
792
-515
-964
-153
-396
-438
-296
-130
774
-843
729
572
775
-757
445
68
-937
-847
-408
-919
710
-909
-860
-653
-844
-400
826
981
-901
-793
-195
238
-675
-279
832
407
911
971
-509
392
578
-707
-968
674
-31
157
651
139
525
962
815
644
-744
809
735
106
-614
-200
657
924
329
115
297
-852
-873
-918
819
-371
-926
46
662
581
-684
-598
-470
-483
711
-429
322
640
-862
675
-448
-804
499
147
276
-687
-557
163
952
-639
152
-136
-37
-524
-749
361
812
-894
-80
-743
41
-703
753
876
-868
-590
-350
-822
-126
-54
-482
18
319
-588
-814
-573
83
833
851
-377
-183
296
439
754
593
-559
-117
-523
-716
740
621
278
867
-795
-205
-162
-651
-393
-611
840
-824
306
372
311
-369
-767
-631
972
598
305
-229
21
745
-503
-422
909
-401
-502
338
-492
-768
547
-324
159
-26
332
-880
916
72
43
-257
936
323
118
114
-888
-556
-848
-900
933
309
-321
520
-825
170
-192
377
-982
508
742
-677
-202
-959
734
-925
-632
457
-730
275
-960
-511
-398
350
60
-443
421
-890
498
-231
885
-120
-513
533
-617
-73
-739
-734
-774
-286
-287
-86
81
351
-85
925
-455
941
393
-415
-695
-298
431
-663
175
204
315
-854
-975
931
522
-961
790
-945
-849
-910
943
352
-394
280
476
886
-836
564
-282
-108
208
-322
901
386
326
-184
510
-290
446
519
-608
-61
704
-700
301
342
-895
655
182
-647
-696
-75
288
527
-207
-72
-362
51
947
620
-525
-83
-742
113
697
217
360
-976
390
-752
615
75
-530
-349
312
700
344
313
-778
504
778
-64
569
-105
575
251
862
-691
-253
224
-127
-87
279
-838
248
257
37
-840
-88
249
650
-583
-853
-480
-896
-706
195
310
712
565
701
-659
-223
865
804
77
-942
-805
-33
887
-591
214
523
244
153
-266
-568
73
594
154
613
-545
169
53
-230
-114
910
64
11
-553
-283
259
702
-764
-541
229
-830
-417
56
-385
362
414
-424
-159
-35
-861
-457
-299
-384
-413
-758
-787
274
664
758
380
-411
-738
164
803
285
521
-712
162
116
263
-676
600
-496
442
-25
517
133
177
989
752
240
-55
-811
861
953
561
-728
22
272
-912
-636
-813
-660
894
-95
411
-958
582
875
-225
743
-904
-177
-921
-333
-450
293
748
-533
800
-407
-38
318
172
-798
-168
-459
225
376
-133
905
-156
-674
-149
817
369
-807
744
-47
889
458
-454
1
-11
-865
131
-999
-110
-665
-780
-187
-782
-412
405
-379
-693
684
-592
917
648
231
-879
-291
696
-273
689
-851
111
473
381
705
36
555
-1000
-170
770
-997
-237
676
-427
721
-494
-247
5
267
178
-495
398
946
-726
419
-488
863
-762
-784
149
-610
136
-462
-124
462
-34
61
-621
852
-473
50
-21
141
635
722
471
-821
246
-466
482
193
-154
897
399
-277
158
-510
-416
-128
-550
-586
993
-543
-217
558
146
-567
-564
-673
-70
580
-981
415
-936
888
999
230
-829
-698
479
829
713
824
122
243
588
-504
-723
-775
86
-995
-44
-255
-132
-990
-561
-580
958
652
827
303
-338
624
685
872
-113
-404
16
622
-957
314
556
-711
536
-487
102
535
590
-278
-943
320
-801
765
699
23
789
654
954
595
191
923
-544
890
-679
639
433
554
307
896
-405
69
321
818
-992
391
-566
-46
270
467
708
54
730
-112
-529
838
160
509
-465
610
465
483
-373
-528
-971
-452
-599
-89
618
-867
-619
616
-897
-493
78
103
-991
123
-238
364
-160
855
-907
968
-765
-314
-309
358
0
-745
-969
-855
57
-747
-558
300
-203
766
38
948
-151
877
-210
-146
-732
-357
255
940
779
148
491
269
-325
841
-633
481
-542
-722
-915
986
-381
101
-898
-604
271
698
-370
-846
262
62
871
480
454
-360
-989
-672
870
562
353
-63
-353
-903
-115
55
-93
566
-28
52
-175
325
-387
-534
739
703
464
228
87
-383
400
798
-627
816
385
820
-986
-883
-731
-436
761
-426
-932
-815
797
641
201
-536
95
853
117
-491
884
401
-4
-337
-770
447
856
-191
-893
785
-725
432
918
-733
970
-857
-236
384
-461
-98
-713
-996
430
-220
926
-644
-658
-226
636
8
-78
568
357
912
219
145
337
91
374
-157
-240
167
478
266
783
161
645
-274
891
-837
-933
515
-24
477
882
-718
-741
-866
-613
-517
129
834
516
190
-332
492
-403
443
567
-963
-584
44
-439
413
-581
-399
-432
-134
601
-535
397
-870
-656
-974
373
-835
359
-508
673
866
343
289
-802
286
207
-953
996
-562
883
-605
408
42
188
-475
104
-8
334
168
-505
239
-395
-514
-343
143
234
450
-48
265
-720
-481
-871
-648
-612
-60
503
512
140
-582
506
-196
511
707
253
584
807
108
873
-449
-214
-261
-233
-45
354
-603
801
-52
-122
-662
-453
548
903
-445
628
679
-289
-111
864
-906
-748
-552
822
869
-331
-600
368
-244
-158
-485
637
563
-364
-597
795
226
327
247
-341
-776
-622
379
677
-589
825
-864
693
-875
-62
-163
150
-635
-863
488
537
-419
-615
100
-174
782
776
-574
-737
-190
686
-951
173
165
-479
-889
665
534
324
429
-928
-99
893
577
-198
378
794
860
-601
-137
-406
-221
-14
-563
206
336
736
661
427
-328
187
-267
484
-271
879
747
2
-973
-30
846
-516
-666
-526
-773
-570
-669
-577
-650
-724
-551
501
788
-987
335
382
786
-816
-967
-292
-106
557
88
-966
-264
-884
630
-641
719
-365
-140
-886
-376
858
-539
-877
990
424
-386
470
30
570
-129
-389
-10
-382
189
-994
848
526
245
-334
-616
-224
626
-618
-208
559
119
-166
-303
629
331
-7
302
-280
-297
-729
-317
695
-702
-135
726
93
475
-882
-181
-467
597
-705
-57
617
576
-548
-428
550
20
-263
967
181
796
835
-476
806
-418
-797
-204
-307
-623
573
-655
668
486
89
-326
-740
799
308
6
-708
48
589
596
586
192
-131
-560
-147
45
-786
532
453
412
682
-12
-978
-565
-222
-876
-446
85
-39
-538
-555
-831
333
529
524
394
908
738
-717
273
283
176
544
-540
-414
746
299
-354
-501
-392
-593
599
389
-152
-262
410
-520
560
32
-497
-690
-920
-81
-518
-646
-902
505
-845
-761
-284
-899
-218
-434
638
-367
-498
-792
-477
-714
-425
688
-101
211
-164
591
-281
-96
-228
-451
961
-345
-209
899
-626
317
579
137
647
-661
-859
845
-715
-891
959
496
-993
-359
171
-302
155
-165
828
-812
-103
762
291
205
97
128
493
-869
-817
611
174
-294
843
-507
365
-169
-32
215
-82
468
96
-318
979
13
880
574
428
-178
631
821
-499
938
767
709
603
975
-340
261
-268
-885
737
-654
643
-681
771
404
-100
-167
-629
672
-607
-914
-922
727
-139
992
741
619
-306
-74
-947
34
-670
830
-260
-777
-242
930
810
107
-913
367
-468
287
-781
463
-680
-150
667
653
-144
-753
-6
542
180
316
-197
922
-363
592
-721
-421
29
-794
-948
-5
-949
292
755
383
-858
-746
328
-931
-216
-304
847
-810
-789
-842
-652
-606
10
260
-356
345
495
-308
-771
7
-351
531
-67
-769
944
681
538
546
-219
-125
-142
-58
998
-799
-327
656
-841
203
59
-985
-90
571
-310
17
-194
-320
-630
715
-138
196
25
-68
349
35
-148
633
-300
-595
-471
777
-213
780
487
-212
449
-952
-380
614
604
-316
718
466
363
585
-938
805
-91
-180
-569
720
-59
370
724
-250
19
-924
142
-977
-65
-352
-944
-249
-834
760
-917
609
-276
-423
-486
-456
814
-521
-930
47
212
-783
71
452
552
-463
669
-833
-546
670
409
-2
-472
-634
769
138
553
808
-315
-410
-16
982
356
24
-49
-259
976
-173
-642
-750
396
33
-227
802
895
-602
-388
441
-258
-444
31
997
-275
939
282
-935
-235
987
242
920
-692
-624
-20
210
969
-270
12
98
-908
76
-251
406
868
608
39
-107
469
733
-409
-637
-939
200
-791
955
-76
284
460
607
731
973
927
763
26
346
144
-447
290
692
842
-143
-686
84
-179
199
934
-500
461
-620
-374
474
451
602
3
929
198
844
942
974
811
65
125
112
-339
-759
490
127
70
612
-609
-285
543
151
-547
-27
-701
-311
14
-788
-965
-69
-391
-790
-941
209
717
